{
 "cells": [
  {
   "cell_type": "markdown",
   "metadata": {
    "button": false,
    "new_sheet": false,
    "run_control": {
     "read_only": false
    }
   },
   "source": [
    "# CSE252C: Homework 1\n",
    "## Computing Resources\n",
    "Please read the README file of this repository for the instructions\n",
    "## Instructions\n",
    "1. Attempt all questions.\n",
    "2. Please comment all your code adequately.\n",
    "3. Include all relevant information such as text answers, output images in notebook.\n",
    "4. **Academic integrity:** The homework must be completed individually.\n",
    "\n",
    "5. **Submission instructions:**  \n",
    " (a) Submit the notebook and its PDF version on Gradescope.  \n",
    " (b) Rename your submission files as Lastname_Firstname.ipynb and Lastname_Firstname.pdf.  \n",
    " (c) Correctly select pages for each answer on Gradescope to allow proper grading.\n",
    "\n",
    "6. **Due date:** Assignments are due Mon, May 4, by 4pm PST."
   ]
  },
  {
   "cell_type": "markdown",
   "metadata": {
    "button": false,
    "new_sheet": false,
    "run_control": {
     "read_only": false
    }
   },
   "source": [
    "## Question 1: Warm Up"
   ]
  },
  {
   "cell_type": "markdown",
   "metadata": {
    "button": false,
    "new_sheet": false,
    "run_control": {
     "read_only": false
    }
   },
   "source": [
    "We will first try SFM using the original implementation from $\\mathtt{libviso2}$[8],[9]. We will test on a dataset containing 300 images from one sequence of the KITTI dataset with ground-truth camera poses and camera calibration information. \n",
    "\n",
    "Run the SFM algorithm using the following script. You are required to report two error metrics. The error metric for rotation is defined as the mean of Frobenius norm of the difference between the ground-truth rotation matrix and predicted rotation matrix. The error metric for translation is defined as mean of the L2 distance. Both errors will be printed on the screen as you run the code.  **(5 points)**"
   ]
  },
  {
   "cell_type": "code",
   "execution_count": 1,
   "metadata": {
    "button": false,
    "new_sheet": false,
    "run_control": {
     "read_only": false
    }
   },
   "outputs": [
    {
     "name": "stdout",
     "output_type": "stream",
     "text": [
      "/home/sgaba/sfm/pyviso\n"
     ]
    }
   ],
   "source": [
    "import os\n",
    "import sys\n",
    "# change your base path\n",
    "os.chdir('./pyviso/') # './'\n",
    "print(os.getcwd())"
   ]
  },
  {
   "cell_type": "code",
   "execution_count": 2,
   "metadata": {
    "button": false,
    "new_sheet": false,
    "run_control": {
     "read_only": false
    }
   },
   "outputs": [],
   "source": [
    "import os\n",
    "import numpy as np\n",
    "import pandas as pd\n",
    "np.set_printoptions(precision=4)\n",
    "np.set_printoptions(suppress=True)\n",
    "import viso2\n",
    "import matplotlib.pyplot as plt\n",
    "from skimage.io import imread\n",
    "import time\n",
    "\n",
    "def errorMetric(RPred, RGt, TPred, TGt):\n",
    "    diffRot = (RPred - RGt)\n",
    "    diffTrans = (TPred - TGt)\n",
    "    errorRot = np.sqrt(np.sum(np.multiply(diffRot.reshape(-1), diffRot.reshape(-1))))\n",
    "    errorTrans = np.sqrt(np.sum(np.multiply(diffTrans.reshape(-1), diffTrans.reshape(-1))))\n",
    "\n",
    "    return errorRot, errorTrans\n",
    "\n",
    "if_vis = False # set to True to do the visualization per frame; the images will be saved at '.vis/'. Turn off if you just want the camera poses and errors\n",
    "if_on_screen = False # if True the visualization per frame is going to be displayed realtime on screen; if False there will be no display, but in both options the images will be saved\n",
    "\n",
    "# parameter settings (for an example, please download\n",
    "# dataset_path = '../dataset_SfM/'\n",
    "dataset_path = '/datasets/cse152-252-sp20-public/dataset_SfM' # On the ``ieng6.ucsd.edu`` server\n",
    "img_dir      = os.path.join(dataset_path, 'sequences/00/image_0')\n",
    "gt_dir       = os.path.join(dataset_path, 'poses/00.txt')\n",
    "calibFile    = os.path.join(dataset_path, 'sequences/00/calib.txt')\n",
    "border       = 50;\n",
    "gap          = 15;\n",
    "\n",
    "# Load the camera calibration information\n",
    "with open(calibFile) as fid:\n",
    "    calibLines = fid.readlines()\n",
    "    calibLines = [calibLine.strip() for calibLine in calibLines]\n",
    "\n",
    "calibInfo = [float(calibStr) for calibStr in calibLines[0].split(' ')[1:]]\n",
    "# param = {'f': calibInfo[0], 'cu': calibInfo[2], 'cv': calibInfo[6]}\n",
    "\n",
    "# Load the ground-truth depth and rotation\n",
    "with open(gt_dir) as fid:\n",
    "    gtTr = [[float(TrStr) for TrStr in line.strip().split(' ')] for line in fid.readlines()]\n",
    "gtTr = np.asarray(gtTr).reshape(-1, 3, 4)\n",
    "\n",
    "# param['height'] = 1.6\n",
    "# param['pitch']  = -0.08\n",
    "# param['match'] = {'pre_step_size': 64}\n",
    "first_frame  = 0\n",
    "last_frame   = 300\n",
    "epi = 1e-8\n",
    "\n",
    "# init visual odometry\n",
    "params = viso2.Mono_parameters()\n",
    "params.calib.f = calibInfo[0]\n",
    "params.calib.cu = calibInfo[2]\n",
    "params.calib.cv = calibInfo[6]\n",
    "params.height = 1.6\n",
    "params.pitch = -0.08\n",
    "\n",
    "\n",
    "first_frame  = 0\n",
    "last_frame   = 300\n",
    "\n",
    "# init transformation matrix array\n",
    "Tr_total = []\n",
    "Tr_total_np = []\n",
    "Tr_total.append(viso2.Matrix_eye(4))\n",
    "Tr_total_np.append(np.eye(4))\n",
    "\n",
    "# init viso module\n",
    "visoMono = viso2.VisualOdometryMono(params)\n",
    "\n",
    "if if_vis:\n",
    "    save_path = 'vis'\n",
    "    os.makedirs(save_path, exist_ok=True)\n",
    "\n",
    "    # create figure\n",
    "    fig = plt.figure(figsize=(10, 15))\n",
    "    ax1 = plt.subplot(211)\n",
    "    ax1.axis('off')\n",
    "    ax2 = plt.subplot(212)\n",
    "    ax2.set_xticks(np.arange(-100, 100, step=10))\n",
    "    ax2.set_yticks(np.arange(-500, 500, step=10))\n",
    "    ax2.axis('equal')\n",
    "    ax2.grid()\n",
    "    if if_on_screen:\n",
    "        plt.ion()\n",
    "    else:\n",
    "        plt.ioff()"
   ]
  },
  {
   "cell_type": "code",
   "execution_count": 15,
   "metadata": {
    "button": false,
    "new_sheet": false,
    "run_control": {
     "read_only": false
    }
   },
   "outputs": [
    {
     "name": "stdout",
     "output_type": "stream",
     "text": [
      "Mean Error Rotation: 6947558.55240\n",
      "Mean Error Translation: 9718750861.05217\n",
      "== [Result] Frame: 0, Matches 0, Inliers: 0.00\n",
      "[[ 1.     -0.0027 -0.0031 -0.0032]\n",
      " [ 0.0027  1.     -0.0026  0.0011]\n",
      " [ 0.0031  0.0026  1.      0.4828]\n",
      " [ 0.      0.      0.      1.    ]]\n",
      "Mean Error Rotation: 0.07468\n",
      "Mean Error Translation: 97.56708\n",
      "== [Result] Frame: 1, Matches 320, Inliers: 86.87\n",
      "[[ 1.     -0.0022 -0.0078 -0.0051]\n",
      " [ 0.0022  1.     -0.0041 -0.0018]\n",
      " [ 0.0078  0.0041  1.      0.9579]\n",
      " [ 0.      0.      0.      1.    ]]\n",
      "Mean Error Rotation: 0.03918\n",
      "Mean Error Translation: 48.97651\n",
      "== [Result] Frame: 2, Matches 325, Inliers: 81.23\n",
      "[[ 0.9999 -0.0057 -0.014   0.0024]\n",
      " [ 0.0056  1.     -0.0053 -0.0075]\n",
      " [ 0.014   0.0052  0.9999  1.4471]\n",
      " [ 0.      0.      0.      1.    ]]\n",
      "Mean Error Rotation: 0.02883\n",
      "Mean Error Translation: 32.77574\n",
      "== [Result] Frame: 3, Matches 329, Inliers: 82.67\n",
      "[[ 0.9998 -0.0058 -0.0197 -0.0071]\n",
      " [ 0.0057  1.     -0.006  -0.0118]\n",
      " [ 0.0197  0.0059  0.9998  1.9428]\n",
      " [ 0.      0.      0.      1.    ]]\n",
      "Mean Error Rotation: 0.02293\n",
      "Mean Error Translation: 24.67299\n",
      "== [Result] Frame: 4, Matches 338, Inliers: 77.51\n",
      "[[ 0.9997 -0.0048 -0.0237 -0.0264]\n",
      " [ 0.0047  1.     -0.006  -0.0198]\n",
      " [ 0.0237  0.0058  0.9997  2.4355]\n",
      " [ 0.      0.      0.      1.    ]]\n",
      "Mean Error Rotation: 0.01901\n",
      "Mean Error Translation: 19.81189\n",
      "== [Result] Frame: 5, Matches 316, Inliers: 83.23\n",
      "[[ 0.9996 -0.0044 -0.029  -0.0366]\n",
      " [ 0.0042  1.     -0.0068 -0.0312]\n",
      " [ 0.0291  0.0066  0.9996  2.9298]\n",
      " [ 0.      0.      0.      1.    ]]\n",
      "Mean Error Rotation: 0.01662\n",
      "Mean Error Translation: 16.57085\n",
      "== [Result] Frame: 6, Matches 318, Inliers: 82.70\n",
      "[[ 0.9994 -0.0031 -0.0343 -0.0547]\n",
      " [ 0.0028  1.     -0.0077 -0.0347]\n",
      " [ 0.0343  0.0076  0.9994  3.4464]\n",
      " [ 0.      0.      0.      1.    ]]\n",
      "Mean Error Rotation: 0.01492\n",
      "Mean Error Translation: 14.25277\n",
      "== [Result] Frame: 7, Matches 322, Inliers: 80.43\n",
      "[[ 0.9993 -0.0032 -0.0383 -0.0809]\n",
      " [ 0.0029  1.     -0.0059 -0.0429]\n",
      " [ 0.0383  0.0058  0.9992  3.9632]\n",
      " [ 0.      0.      0.      1.    ]]\n",
      "Mean Error Rotation: 0.01369\n",
      "Mean Error Translation: 12.51394\n",
      "== [Result] Frame: 8, Matches 324, Inliers: 82.72\n",
      "[[ 0.9991 -0.0035 -0.0429 -0.1048]\n",
      " [ 0.0033  1.     -0.0036 -0.0469]\n",
      " [ 0.0429  0.0034  0.9991  4.5226]\n",
      " [ 0.      0.      0.      1.    ]]\n",
      "Mean Error Rotation: 0.01287\n",
      "Mean Error Translation: 11.15695\n",
      "== [Result] Frame: 9, Matches 334, Inliers: 82.04\n",
      "[[ 0.9989 -0.0029 -0.0462 -0.1343]\n",
      " [ 0.0029  1.     -0.0009 -0.054 ]\n",
      " [ 0.0462  0.0008  0.9989  5.078 ]\n",
      " [ 0.      0.      0.      1.    ]]\n",
      "Mean Error Rotation: 0.01215\n",
      "Mean Error Translation: 10.07173\n",
      "== [Result] Frame: 10, Matches 318, Inliers: 84.59\n",
      "[[ 0.9988 -0.0014 -0.0488 -0.1695]\n",
      " [ 0.0014  1.     -0.0016 -0.0605]\n",
      " [ 0.0488  0.0016  0.9988  5.643 ]\n",
      " [ 0.      0.      0.      1.    ]]\n",
      "Mean Error Rotation: 0.01120\n",
      "Mean Error Translation: 9.18278\n",
      "== [Result] Frame: 11, Matches 328, Inliers: 85.37\n",
      "[[ 0.9988 -0.0008 -0.0498 -0.2134]\n",
      " [ 0.0007  1.     -0.0021 -0.0641]\n",
      " [ 0.0498  0.0021  0.9988  6.2313]\n",
      " [ 0.      0.      0.      1.    ]]\n",
      "Mean Error Rotation: 0.01042\n",
      "Mean Error Translation: 8.44019\n",
      "== [Result] Frame: 12, Matches 321, Inliers: 86.60\n",
      "[[ 0.9986 -0.0055 -0.0526 -0.2361]\n",
      " [ 0.0053  1.     -0.0029 -0.0678]\n",
      " [ 0.0526  0.0026  0.9986  6.8204]\n",
      " [ 0.      0.      0.      1.    ]]\n",
      "Mean Error Rotation: 0.01019\n",
      "Mean Error Translation: 7.81184\n",
      "== [Result] Frame: 13, Matches 325, Inliers: 85.23\n",
      "[[ 0.9985 -0.0055 -0.0545 -0.2698]\n",
      " [ 0.0054  1.     -0.0019 -0.0747]\n",
      " [ 0.0545  0.0016  0.9985  7.4062]\n",
      " [ 0.      0.      0.      1.    ]]\n",
      "Mean Error Rotation: 0.00969\n",
      "Mean Error Translation: 7.27336\n",
      "== [Result] Frame: 14, Matches 320, Inliers: 75.62\n",
      "[[ 0.9984 -0.0069 -0.0562 -0.3031]\n",
      " [ 0.0068  1.     -0.0024 -0.0801]\n",
      " [ 0.0562  0.002   0.9984  8.0042]\n",
      " [ 0.      0.      0.      1.    ]]\n",
      "Mean Error Rotation: 0.00911\n",
      "Mean Error Translation: 6.80564\n",
      "== [Result] Frame: 15, Matches 315, Inliers: 82.86\n",
      "[[ 0.9983 -0.0059 -0.0585 -0.3386]\n",
      " [ 0.0056  1.     -0.0054 -0.083 ]\n",
      " [ 0.0585  0.0051  0.9983  8.6102]\n",
      " [ 0.      0.      0.      1.    ]]\n",
      "Mean Error Rotation: 0.00865\n",
      "Mean Error Translation: 6.39638\n",
      "== [Result] Frame: 16, Matches 293, Inliers: 82.94\n",
      "[[ 0.9982 -0.0062 -0.0602 -0.3764]\n",
      " [ 0.0057  0.9999 -0.0087 -0.0853]\n",
      " [ 0.0603  0.0084  0.9981  9.2362]\n",
      " [ 0.      0.      0.      1.    ]]\n",
      "Mean Error Rotation: 0.00825\n",
      "Mean Error Translation: 6.03451\n",
      "== [Result] Frame: 17, Matches 307, Inliers: 83.39\n",
      "[[ 0.9981 -0.0022 -0.062  -0.4226]\n",
      " [ 0.0016  0.9999 -0.0105 -0.0941]\n",
      " [ 0.0621  0.0104  0.998   9.8581]\n",
      " [ 0.      0.      0.      1.    ]]\n",
      "Mean Error Rotation: 0.00782\n",
      "Mean Error Translation: 5.71363\n",
      "== [Result] Frame: 18, Matches 301, Inliers: 85.05\n",
      "[[ 0.998  -0.0025 -0.0632 -0.467 ]\n",
      " [ 0.0019  0.9999 -0.0105 -0.1033]\n",
      " [ 0.0632  0.0103  0.9979 10.5134]\n",
      " [ 0.      0.      0.      1.    ]]\n",
      "Mean Error Rotation: 0.00752\n",
      "Mean Error Translation: 5.42531\n",
      "== [Result] Frame: 19, Matches 316, Inliers: 82.91\n",
      "[[ 0.9979 -0.0047 -0.0647 -0.5122]\n",
      " [ 0.0041  1.     -0.0091 -0.1163]\n",
      " [ 0.0647  0.0088  0.9979 11.1852]\n",
      " [ 0.      0.      0.      1.    ]]\n",
      "Mean Error Rotation: 0.00728\n",
      "Mean Error Translation: 5.16548\n",
      "== [Result] Frame: 20, Matches 310, Inliers: 85.48\n",
      "[[ 0.9978 -0.0034 -0.0656 -0.566 ]\n",
      " [ 0.0029  1.     -0.008  -0.125 ]\n",
      " [ 0.0656  0.0078  0.9978 11.8662]\n",
      " [ 0.      0.      0.      1.    ]]\n",
      "Mean Error Rotation: 0.00702\n",
      "Mean Error Translation: 4.93019\n",
      "== [Result] Frame: 21, Matches 317, Inliers: 79.81\n",
      "[[ 0.9978 -0.0041 -0.0663 -0.6143]\n",
      " [ 0.0036  1.     -0.0079 -0.1376]\n",
      " [ 0.0664  0.0077  0.9978 12.5174]\n",
      " [ 0.      0.      0.      1.    ]]\n",
      "Mean Error Rotation: 0.00674\n",
      "Mean Error Translation: 4.71792\n",
      "== [Result] Frame: 22, Matches 323, Inliers: 80.50\n",
      "[[ 0.9977 -0.0032 -0.0671 -0.6739]\n",
      " [ 0.0026  1.     -0.0091 -0.1473]\n",
      " [ 0.0671  0.0089  0.9977 13.18  ]\n",
      " [ 0.      0.      0.      1.    ]]\n",
      "Mean Error Rotation: 0.00653\n",
      "Mean Error Translation: 4.52373\n",
      "== [Result] Frame: 23, Matches 313, Inliers: 78.27\n",
      "[[ 0.9977 -0.006  -0.0679 -0.7217]\n",
      " [ 0.0054  0.9999 -0.0099 -0.1576]\n",
      " [ 0.068   0.0095  0.9976 13.82  ]\n",
      " [ 0.      0.      0.      1.    ]]\n",
      "Mean Error Rotation: 0.00633\n",
      "Mean Error Translation: 4.34680\n",
      "== [Result] Frame: 24, Matches 302, Inliers: 84.11\n",
      "[[ 0.9976 -0.0063 -0.0688 -0.7642]\n",
      " [ 0.0057  0.9999 -0.0084 -0.1682]\n",
      " [ 0.0689  0.0079  0.9976 14.4808]\n",
      " [ 0.      0.      0.      1.    ]]\n",
      "Mean Error Rotation: 0.00608\n",
      "Mean Error Translation: 4.18359\n",
      "== [Result] Frame: 25, Matches 300, Inliers: 77.33\n",
      "[[ 0.9976 -0.0063 -0.069  -0.8113]\n",
      " [ 0.006   1.     -0.005  -0.1784]\n",
      " [ 0.069   0.0046  0.9976 15.1495]\n",
      " [ 0.      0.      0.      1.    ]]\n",
      "Mean Error Rotation: 0.00595\n",
      "Mean Error Translation: 4.03293\n",
      "== [Result] Frame: 26, Matches 285, Inliers: 75.09\n",
      "[[ 0.9977 -0.004  -0.0679 -0.8658]\n",
      " [ 0.0039  1.     -0.0017 -0.1863]\n",
      " [ 0.0679  0.0014  0.9977 15.8347]\n",
      " [ 0.      0.      0.      1.    ]]\n",
      "Mean Error Rotation: 0.00581\n",
      "Mean Error Translation: 3.89286\n",
      "== [Result] Frame: 27, Matches 290, Inliers: 77.59\n",
      "[[ 0.9978 -0.0042 -0.0662 -0.9122]\n",
      " [ 0.0043  1.      0.0009 -0.1923]\n",
      " [ 0.0662 -0.0012  0.9978 16.504 ]\n",
      " [ 0.      0.      0.      1.    ]]\n",
      "Mean Error Rotation: 0.00564\n",
      "Mean Error Translation: 3.76361\n",
      "== [Result] Frame: 28, Matches 283, Inliers: 81.27\n",
      "[[ 0.9979 -0.0026 -0.0645 -0.9674]\n",
      " [ 0.0027  1.      0.0014 -0.197 ]\n",
      " [ 0.0645 -0.0015  0.9979 17.2502]\n",
      " [ 0.      0.      0.      1.    ]]\n",
      "Mean Error Rotation: 0.00555\n",
      "Mean Error Translation: 3.64073\n",
      "== [Result] Frame: 29, Matches 302, Inliers: 76.16\n",
      "[[ 0.998  -0.0025 -0.0634 -1.0124]\n",
      " [ 0.0024  1.     -0.0015 -0.2053]\n",
      " [ 0.0634  0.0013  0.998  17.942 ]\n",
      " [ 0.      0.      0.      1.    ]]\n",
      "Mean Error Rotation: 0.00538\n",
      "Mean Error Translation: 3.52792\n",
      "== [Result] Frame: 30, Matches 300, Inliers: 84.67\n",
      "[[ 0.998  -0.0017 -0.0633 -1.0514]\n",
      " [ 0.0013  1.     -0.0061 -0.2162]\n",
      " [ 0.0634  0.006   0.998  18.6366]\n",
      " [ 0.      0.      0.      1.    ]]\n",
      "Mean Error Rotation: 0.00526\n",
      "Mean Error Translation: 3.42243\n",
      "== [Result] Frame: 31, Matches 290, Inliers: 79.31\n",
      "[[ 0.9981 -0.0005 -0.0611 -1.1033]\n",
      " [-0.      1.     -0.009  -0.2258]\n",
      " [ 0.0612  0.009   0.9981 19.2957]\n",
      " [ 0.      0.      0.      1.    ]]\n",
      "Mean Error Rotation: 0.00519\n",
      "Mean Error Translation: 3.32485\n",
      "== [Result] Frame: 32, Matches 303, Inliers: 82.18\n",
      "[[ 0.9981 -0.0043 -0.0621 -1.1303]\n",
      " [ 0.0039  1.     -0.0077 -0.2411]\n",
      " [ 0.0621  0.0074  0.998  19.9495]\n",
      " [ 0.      0.      0.      1.    ]]\n",
      "Mean Error Rotation: 0.00513\n",
      "Mean Error Translation: 3.23366\n",
      "== [Result] Frame: 33, Matches 280, Inliers: 76.43\n",
      "[[ 0.9981 -0.0046 -0.0622 -1.175 ]\n",
      " [ 0.0045  1.     -0.0026 -0.2516]\n",
      " [ 0.0622  0.0023  0.9981 20.6084]\n",
      " [ 0.      0.      0.      1.    ]]\n",
      "Mean Error Rotation: 0.00503\n",
      "Mean Error Translation: 3.14788\n",
      "== [Result] Frame: 34, Matches 282, Inliers: 75.18\n"
     ]
    },
    {
     "name": "stdout",
     "output_type": "stream",
     "text": [
      "[[ 0.998  -0.0077 -0.0633 -1.22  ]\n",
      " [ 0.0078  1.      0.0007 -0.2615]\n",
      " [ 0.0633 -0.0011  0.998  21.3241]\n",
      " [ 0.      0.      0.      1.    ]]\n",
      "Mean Error Rotation: 0.00492\n",
      "Mean Error Translation: 3.06549\n",
      "== [Result] Frame: 35, Matches 277, Inliers: 75.81\n",
      "[[ 0.9977 -0.0166 -0.0652 -1.2517]\n",
      " [ 0.0166  0.9999  0.0003 -0.272 ]\n",
      " [ 0.0652 -0.0014  0.9979 22.0132]\n",
      " [ 0.      0.      0.      1.    ]]\n",
      "Mean Error Rotation: 0.00484\n",
      "Mean Error Translation: 2.98841\n",
      "== [Result] Frame: 36, Matches 276, Inliers: 75.72\n",
      "[[ 0.9976 -0.0194 -0.067  -1.2884]\n",
      " [ 0.0192  0.9998 -0.0036 -0.2803]\n",
      " [ 0.067   0.0023  0.9977 22.6424]\n",
      " [ 0.      0.      0.      1.    ]]\n",
      "Mean Error Rotation: 0.00473\n",
      "Mean Error Translation: 2.91712\n",
      "== [Result] Frame: 37, Matches 257, Inliers: 76.26\n",
      "[[ 0.9974 -0.0203 -0.0689 -1.3331]\n",
      " [ 0.0198  0.9998 -0.0076 -0.2896]\n",
      " [ 0.069   0.0062  0.9976 23.314 ]\n",
      " [ 0.      0.      0.      1.    ]]\n",
      "Mean Error Rotation: 0.00467\n",
      "Mean Error Translation: 2.84859\n",
      "== [Result] Frame: 38, Matches 280, Inliers: 77.14\n",
      "[[ 0.9972 -0.0193 -0.0719 -1.3722]\n",
      " [ 0.0188  0.9998 -0.0082 -0.302 ]\n",
      " [ 0.0721  0.0068  0.9974 23.9231]\n",
      " [ 0.      0.      0.      1.    ]]\n",
      "Mean Error Rotation: 0.00460\n",
      "Mean Error Translation: 2.78589\n",
      "== [Result] Frame: 39, Matches 281, Inliers: 80.43\n",
      "[[ 0.9971 -0.0191 -0.0735 -1.4148]\n",
      " [ 0.0186  0.9998 -0.0065 -0.3155]\n",
      " [ 0.0736  0.0051  0.9973 24.5432]\n",
      " [ 0.      0.      0.      1.    ]]\n",
      "Mean Error Rotation: 0.00451\n",
      "Mean Error Translation: 2.72724\n",
      "== [Result] Frame: 40, Matches 283, Inliers: 75.97\n",
      "[[ 0.9971 -0.0154 -0.0744 -1.4711]\n",
      " [ 0.0151  0.9999 -0.0042 -0.3238]\n",
      " [ 0.0745  0.0031  0.9972 25.1835]\n",
      " [ 0.      0.      0.      1.    ]]\n",
      "Mean Error Rotation: 0.00443\n",
      "Mean Error Translation: 2.67057\n",
      "== [Result] Frame: 41, Matches 276, Inliers: 76.45\n",
      "[[ 0.997  -0.015  -0.0759 -1.5216]\n",
      " [ 0.0148  0.9999 -0.003  -0.3336]\n",
      " [ 0.0759  0.0018  0.9971 25.8221]\n",
      " [ 0.      0.      0.      1.    ]]\n",
      "Mean Error Rotation: 0.00434\n",
      "Mean Error Translation: 2.61668\n",
      "== [Result] Frame: 42, Matches 279, Inliers: 73.12\n",
      "[[ 0.9968 -0.0167 -0.0775 -1.5617]\n",
      " [ 0.0167  0.9999 -0.0006 -0.3405]\n",
      " [ 0.0775 -0.0007  0.997  26.4454]\n",
      " [ 0.      0.      0.      1.    ]]\n",
      "Mean Error Rotation: 0.00433\n",
      "Mean Error Translation: 2.56539\n",
      "== [Result] Frame: 43, Matches 267, Inliers: 74.53\n",
      "[[ 0.9968 -0.0185 -0.0777 -1.611 ]\n",
      " [ 0.0186  0.9998  0.0016 -0.3435]\n",
      " [ 0.0777 -0.0031  0.997  27.0872]\n",
      " [ 0.      0.      0.      1.    ]]\n",
      "Mean Error Rotation: 0.00430\n",
      "Mean Error Translation: 2.51607\n",
      "== [Result] Frame: 44, Matches 266, Inliers: 74.44\n",
      "[[ 0.9968 -0.0127 -0.0787 -1.6704]\n",
      " [ 0.013   0.9999  0.0037 -0.3502]\n",
      " [ 0.0786 -0.0047  0.9969 27.7475]\n",
      " [ 0.      0.      0.      1.    ]]\n",
      "Mean Error Rotation: 0.00422\n",
      "Mean Error Translation: 2.46824\n",
      "== [Result] Frame: 45, Matches 263, Inliers: 78.71\n",
      "[[ 0.9968 -0.0128 -0.0791 -1.7282]\n",
      " [ 0.0131  0.9999  0.0032 -0.3586]\n",
      " [ 0.079  -0.0042  0.9969 28.4473]\n",
      " [ 0.      0.      0.      1.    ]]\n",
      "Mean Error Rotation: 0.00416\n",
      "Mean Error Translation: 2.42161\n",
      "== [Result] Frame: 46, Matches 271, Inliers: 81.92\n",
      "[[ 0.9968 -0.0121 -0.0785 -1.794 ]\n",
      " [ 0.0122  0.9999  0.0012 -0.3623]\n",
      " [ 0.0785 -0.0022  0.9969 29.1674]\n",
      " [ 0.      0.      0.      1.    ]]\n",
      "Mean Error Rotation: 0.00411\n",
      "Mean Error Translation: 2.37628\n",
      "== [Result] Frame: 47, Matches 278, Inliers: 80.22\n",
      "[[ 0.9969 -0.0082 -0.0784 -1.8586]\n",
      " [ 0.0081  1.     -0.0013 -0.3698]\n",
      " [ 0.0784  0.0006  0.9969 29.8567]\n",
      " [ 0.      0.      0.      1.    ]]\n",
      "Mean Error Rotation: 0.00408\n",
      "Mean Error Translation: 2.33337\n",
      "== [Result] Frame: 48, Matches 286, Inliers: 81.12\n",
      "[[ 0.9968 -0.0096 -0.0793 -1.919 ]\n",
      " [ 0.0096  1.     -0.0012 -0.3803]\n",
      " [ 0.0793  0.0004  0.9968 30.5637]\n",
      " [ 0.      0.      0.      1.    ]]\n",
      "Mean Error Rotation: 0.00403\n",
      "Mean Error Translation: 2.29177\n",
      "== [Result] Frame: 49, Matches 282, Inliers: 83.33\n",
      "[[ 0.9967 -0.0108 -0.0804 -1.977 ]\n",
      " [ 0.0108  0.9999 -0.     -0.3923]\n",
      " [ 0.0804 -0.0008  0.9968 31.262 ]\n",
      " [ 0.      0.      0.      1.    ]]\n",
      "Mean Error Rotation: 0.00398\n",
      "Mean Error Translation: 2.25197\n",
      "== [Result] Frame: 50, Matches 276, Inliers: 80.07\n",
      "[[ 0.9967 -0.0098 -0.0811 -2.0378]\n",
      " [ 0.0099  1.      0.0011 -0.4046]\n",
      " [ 0.0811 -0.0019  0.9967 31.9888]\n",
      " [ 0.      0.      0.      1.    ]]\n",
      "Mean Error Rotation: 0.00392\n",
      "Mean Error Translation: 2.21309\n",
      "== [Result] Frame: 51, Matches 283, Inliers: 75.62\n",
      "[[ 0.9966 -0.0084 -0.082  -2.1024]\n",
      " [ 0.0081  1.     -0.0029 -0.4128]\n",
      " [ 0.082   0.0023  0.9966 32.7704]\n",
      " [ 0.      0.      0.      1.    ]]\n",
      "Mean Error Rotation: 0.00391\n",
      "Mean Error Translation: 2.17449\n",
      "== [Result] Frame: 52, Matches 300, Inliers: 80.33\n",
      "[[ 0.9965 -0.0091 -0.0829 -2.1695]\n",
      " [ 0.0085  0.9999 -0.0072 -0.4254]\n",
      " [ 0.083   0.0065  0.9965 33.5207]\n",
      " [ 0.      0.      0.      1.    ]]\n",
      "Mean Error Rotation: 0.00388\n",
      "Mean Error Translation: 2.13777\n",
      "== [Result] Frame: 53, Matches 307, Inliers: 79.48\n",
      "[[ 0.9964 -0.0095 -0.0846 -2.2358]\n",
      " [ 0.0088  0.9999 -0.0085 -0.4417]\n",
      " [ 0.0847  0.0077  0.9964 34.4381]\n",
      " [ 0.      0.      0.      1.    ]]\n",
      "Mean Error Rotation: 0.00384\n",
      "Mean Error Translation: 2.09941\n",
      "== [Result] Frame: 54, Matches 309, Inliers: 85.44\n",
      "[[ 0.9963 -0.0117 -0.085  -2.3048]\n",
      " [ 0.0113  0.9999 -0.005  -0.4571]\n",
      " [ 0.085   0.004   0.9964 35.2252]\n",
      " [ 0.      0.      0.      1.    ]]\n",
      "Mean Error Rotation: 0.00383\n",
      "Mean Error Translation: 2.06478\n",
      "== [Result] Frame: 55, Matches 299, Inliers: 78.60\n",
      "[[ 0.9963 -0.0136 -0.0854 -2.3708]\n",
      " [ 0.0135  0.9999 -0.0017 -0.4725]\n",
      " [ 0.0854  0.0005  0.9963 35.9699]\n",
      " [ 0.      0.      0.      1.    ]]\n",
      "Mean Error Rotation: 0.00378\n",
      "Mean Error Translation: 2.03206\n",
      "== [Result] Frame: 56, Matches 305, Inliers: 80.00\n",
      "[[ 0.9961 -0.0156 -0.0864 -2.4278]\n",
      " [ 0.0156  0.9999 -0.0008 -0.4857]\n",
      " [ 0.0864 -0.0005  0.9963 36.6944]\n",
      " [ 0.      0.      0.      1.    ]]\n",
      "Mean Error Rotation: 0.00374\n",
      "Mean Error Translation: 2.00073\n",
      "== [Result] Frame: 57, Matches 309, Inliers: 80.26\n",
      "[[ 0.996  -0.0185 -0.0871 -2.4808]\n",
      " [ 0.0183  0.9998 -0.0024 -0.4948]\n",
      " [ 0.0871  0.0008  0.9962 37.3812]\n",
      " [ 0.      0.      0.      1.    ]]\n",
      "Mean Error Rotation: 0.00370\n",
      "Mean Error Translation: 1.97101\n",
      "== [Result] Frame: 58, Matches 308, Inliers: 74.68\n",
      "[[ 0.9959 -0.0218 -0.0875 -2.5379]\n",
      " [ 0.0215  0.9998 -0.0045 -0.501 ]\n",
      " [ 0.0876  0.0026  0.9962 38.0483]\n",
      " [ 0.      0.      0.      1.    ]]\n",
      "Mean Error Rotation: 0.00364\n",
      "Mean Error Translation: 1.94265\n",
      "== [Result] Frame: 59, Matches 313, Inliers: 78.59\n",
      "[[ 0.9958 -0.0251 -0.0884 -2.5978]\n",
      " [ 0.0249  0.9997 -0.0039 -0.5074]\n",
      " [ 0.0885  0.0017  0.9961 38.7185]\n",
      " [ 0.      0.      0.      1.    ]]\n",
      "Mean Error Rotation: 0.00363\n",
      "Mean Error Translation: 1.91509\n",
      "== [Result] Frame: 60, Matches 291, Inliers: 75.95\n",
      "[[ 0.9956 -0.0276 -0.0893 -2.6636]\n",
      " [ 0.0278  0.9996  0.     -0.5173]\n",
      " [ 0.0893 -0.0025  0.996  39.4044]\n",
      " [ 0.      0.      0.      1.    ]]\n",
      "Mean Error Rotation: 0.00358\n",
      "Mean Error Translation: 1.88823\n",
      "== [Result] Frame: 61, Matches 315, Inliers: 77.14\n",
      "[[ 0.9955 -0.0281 -0.0905 -2.7228]\n",
      " [ 0.0286  0.9996  0.005  -0.5281]\n",
      " [ 0.0903 -0.0075  0.9959 40.0953]\n",
      " [ 0.      0.      0.      1.    ]]\n",
      "Mean Error Rotation: 0.00355\n",
      "Mean Error Translation: 1.86214\n",
      "== [Result] Frame: 62, Matches 314, Inliers: 78.03\n",
      "[[ 0.9954 -0.0276 -0.0918 -2.7837]\n",
      " [ 0.0284  0.9996  0.0072 -0.5367]\n",
      " [ 0.0916 -0.0098  0.9957 40.799 ]\n",
      " [ 0.      0.      0.      1.    ]]\n",
      "Mean Error Rotation: 0.00353\n",
      "Mean Error Translation: 1.83652\n",
      "== [Result] Frame: 63, Matches 309, Inliers: 82.52\n",
      "[[ 0.9951 -0.0282 -0.095  -2.8373]\n",
      " [ 0.0286  0.9996  0.0025 -0.5403]\n",
      " [ 0.0949 -0.0052  0.9955 41.5069]\n",
      " [ 0.      0.      0.      1.    ]]\n",
      "Mean Error Rotation: 0.00355\n",
      "Mean Error Translation: 1.81149\n",
      "== [Result] Frame: 64, Matches 290, Inliers: 82.07\n",
      "[[ 0.995  -0.027  -0.0965 -2.9064]\n",
      " [ 0.0266  0.9996 -0.0057 -0.5478]\n",
      " [ 0.0966  0.0031  0.9953 42.1993]\n",
      " [ 0.      0.      0.      1.    ]]\n",
      "Mean Error Rotation: 0.00350\n",
      "Mean Error Translation: 1.78720\n",
      "== [Result] Frame: 65, Matches 293, Inliers: 81.57\n",
      "[[ 0.9949 -0.0259 -0.0978 -2.9719]\n",
      " [ 0.025   0.9996 -0.0111 -0.5592]\n",
      " [ 0.098   0.0086  0.9951 42.8733]\n",
      " [ 0.      0.      0.      1.    ]]\n",
      "Mean Error Rotation: 0.00346\n",
      "Mean Error Translation: 1.76379\n",
      "== [Result] Frame: 66, Matches 294, Inliers: 80.61\n",
      "[[ 0.9949 -0.0211 -0.0987 -3.0457]\n",
      " [ 0.0202  0.9997 -0.0103 -0.5749]\n",
      " [ 0.0989  0.0082  0.9951 43.5263]\n",
      " [ 0.      0.      0.      1.    ]]\n",
      "Mean Error Rotation: 0.00342\n",
      "Mean Error Translation: 1.74131\n",
      "== [Result] Frame: 67, Matches 295, Inliers: 80.34\n",
      "[[ 0.9948 -0.0178 -0.1    -3.1204]\n",
      " [ 0.0171  0.9998 -0.0081 -0.5924]\n",
      " [ 0.1001  0.0064  0.995  44.2142]\n",
      " [ 0.      0.      0.      1.    ]]\n",
      "Mean Error Rotation: 0.00339\n",
      "Mean Error Translation: 1.71881\n",
      "== [Result] Frame: 68, Matches 306, Inliers: 81.70\n",
      "[[ 0.9949 -0.0128 -0.1001 -3.2052]\n",
      " [ 0.0122  0.9999 -0.0066 -0.6103]\n",
      " [ 0.1001  0.0054  0.995  44.8654]\n",
      " [ 0.      0.      0.      1.    ]]\n",
      "Mean Error Rotation: 0.00339\n",
      "Mean Error Translation: 1.69727\n",
      "== [Result] Frame: 69, Matches 297, Inliers: 83.16\n"
     ]
    },
    {
     "name": "stdout",
     "output_type": "stream",
     "text": [
      "[[ 0.9947 -0.0124 -0.1016 -3.2725]\n",
      " [ 0.0117  0.9999 -0.0072 -0.6218]\n",
      " [ 0.1017  0.006   0.9948 45.5155]\n",
      " [ 0.      0.      0.      1.    ]]\n",
      "Mean Error Rotation: 0.00335\n",
      "Mean Error Translation: 1.67616\n",
      "== [Result] Frame: 70, Matches 295, Inliers: 81.69\n",
      "[[ 0.9947 -0.0088 -0.1027 -3.3537]\n",
      " [ 0.0082  0.9999 -0.0066 -0.6346]\n",
      " [ 0.1027  0.0057  0.9947 46.1659]\n",
      " [ 0.      0.      0.      1.    ]]\n",
      "Mean Error Rotation: 0.00335\n",
      "Mean Error Translation: 1.65544\n",
      "== [Result] Frame: 71, Matches 283, Inliers: 79.15\n",
      "[[ 0.9943 -0.0102 -0.1057 -3.4096]\n",
      " [ 0.0096  0.9999 -0.0059 -0.6526]\n",
      " [ 0.1058  0.0048  0.9944 46.8083]\n",
      " [ 0.      0.      0.      1.    ]]\n",
      "Mean Error Rotation: 0.00337\n",
      "Mean Error Translation: 1.63524\n",
      "== [Result] Frame: 72, Matches 294, Inliers: 80.27\n",
      "[[ 0.994  -0.0107 -0.109  -3.4609]\n",
      " [ 0.0102  0.9999 -0.0052 -0.6745]\n",
      " [ 0.109   0.0041  0.994  47.45  ]\n",
      " [ 0.      0.      0.      1.    ]]\n",
      "Mean Error Rotation: 0.00335\n",
      "Mean Error Translation: 1.61541\n",
      "== [Result] Frame: 73, Matches 272, Inliers: 80.15\n",
      "[[ 0.9937 -0.0136 -0.1117 -3.5182]\n",
      " [ 0.0132  0.9999 -0.0042 -0.6877]\n",
      " [ 0.1117  0.0027  0.9937 48.1149]\n",
      " [ 0.      0.      0.      1.    ]]\n",
      "Mean Error Rotation: 0.00336\n",
      "Mean Error Translation: 1.59564\n",
      "== [Result] Frame: 74, Matches 283, Inliers: 84.10\n",
      "[[ 0.9933 -0.0123 -0.1145 -3.5822]\n",
      " [ 0.0122  0.9999 -0.0016 -0.7024]\n",
      " [ 0.1145  0.0002  0.9934 48.7542]\n",
      " [ 0.      0.      0.      1.    ]]\n",
      "Mean Error Rotation: 0.00335\n",
      "Mean Error Translation: 1.57657\n",
      "== [Result] Frame: 75, Matches 289, Inliers: 76.82\n",
      "[[ 0.993  -0.0117 -0.1172 -3.6558]\n",
      " [ 0.012   0.9999  0.0025 -0.7147]\n",
      " [ 0.1171 -0.0039  0.9931 49.4549]\n",
      " [ 0.      0.      0.      1.    ]]\n",
      "Mean Error Rotation: 0.00335\n",
      "Mean Error Translation: 1.55706\n",
      "== [Result] Frame: 76, Matches 288, Inliers: 82.64\n",
      "[[ 0.9928 -0.0106 -0.1197 -3.7388]\n",
      " [ 0.0112  0.9999  0.0043 -0.7278]\n",
      " [ 0.1196 -0.0056  0.9928 50.1719]\n",
      " [ 0.      0.      0.      1.    ]]\n",
      "Mean Error Rotation: 0.00334\n",
      "Mean Error Translation: 1.53767\n",
      "== [Result] Frame: 77, Matches 295, Inliers: 85.76\n",
      "[[ 0.9926 -0.0089 -0.1214 -3.8183]\n",
      " [ 0.009   1.      0.0002 -0.7413]\n",
      " [ 0.1214 -0.0013  0.9926 50.8094]\n",
      " [ 0.      0.      0.      1.    ]]\n",
      "Mean Error Rotation: 0.00332\n",
      "Mean Error Translation: 1.51945\n",
      "== [Result] Frame: 78, Matches 294, Inliers: 85.71\n",
      "[[ 0.9924 -0.0098 -0.123  -3.8939]\n",
      " [ 0.0089  0.9999 -0.0072 -0.754 ]\n",
      " [ 0.123   0.006   0.9924 51.4028]\n",
      " [ 0.      0.      0.      1.    ]]\n",
      "Mean Error Rotation: 0.00330\n",
      "Mean Error Translation: 1.50197\n",
      "== [Result] Frame: 79, Matches 305, Inliers: 82.95\n",
      "[[ 0.9922 -0.0108 -0.124  -3.9653]\n",
      " [ 0.0092  0.9999 -0.0134 -0.7638]\n",
      " [ 0.1241  0.0121  0.9922 51.9368]\n",
      " [ 0.      0.      0.      1.    ]]\n",
      "Mean Error Rotation: 0.00327\n",
      "Mean Error Translation: 1.48544\n",
      "== [Result] Frame: 80, Matches 315, Inliers: 86.03\n",
      "[[ 0.9922 -0.0092 -0.1246 -4.0301]\n",
      " [ 0.0075  0.9999 -0.0143 -0.7764]\n",
      " [ 0.1247  0.0133  0.9921 52.4438]\n",
      " [ 0.      0.      0.      1.    ]]\n",
      "Mean Error Rotation: 0.00325\n",
      "Mean Error Translation: 1.46942\n",
      "== [Result] Frame: 81, Matches 327, Inliers: 82.26\n",
      "[[ 0.9918 -0.0097 -0.1276 -4.077 ]\n",
      " [ 0.0083  0.9999 -0.011  -0.7906]\n",
      " [ 0.1277  0.0098  0.9918 52.9236]\n",
      " [ 0.      0.      0.      1.    ]]\n",
      "Mean Error Rotation: 0.00328\n",
      "Mean Error Translation: 1.45391\n",
      "== [Result] Frame: 82, Matches 320, Inliers: 84.37\n",
      "[[ 0.9916 -0.0102 -0.1287 -4.1429]\n",
      " [ 0.0092  0.9999 -0.0086 -0.8084]\n",
      " [ 0.1288  0.0074  0.9916 53.3925]\n",
      " [ 0.      0.      0.      1.    ]]\n",
      "Mean Error Rotation: 0.00328\n",
      "Mean Error Translation: 1.43866\n",
      "== [Result] Frame: 83, Matches 321, Inliers: 85.67\n",
      "[[ 0.9912 -0.0157 -0.1315 -4.1794]\n",
      " [ 0.0143  0.9998 -0.0118 -0.8263]\n",
      " [ 0.1317  0.0098  0.9912 53.8186]\n",
      " [ 0.      0.      0.      1.    ]]\n",
      "Mean Error Rotation: 0.00328\n",
      "Mean Error Translation: 1.42399\n",
      "== [Result] Frame: 84, Matches 325, Inliers: 89.54\n",
      "[[ 0.991  -0.0242 -0.1314 -4.2272]\n",
      " [ 0.0222  0.9996 -0.0168 -0.8406]\n",
      " [ 0.1317  0.0138  0.9912 54.2157]\n",
      " [ 0.      0.      0.      1.    ]]\n",
      "Mean Error Rotation: 0.00325\n",
      "Mean Error Translation: 1.40977\n",
      "== [Result] Frame: 85, Matches 324, Inliers: 88.89\n",
      "[[ 0.9906 -0.0331 -0.1331 -4.2492]\n",
      " [ 0.0304  0.9993 -0.0224 -0.8486]\n",
      " [ 0.1337  0.0181  0.9909 54.6032]\n",
      " [ 0.      0.      0.      1.    ]]\n",
      "Mean Error Rotation: 0.00330\n",
      "Mean Error Translation: 1.39581\n",
      "== [Result] Frame: 86, Matches 323, Inliers: 89.78\n",
      "[[ 0.9913 -0.0286 -0.1284 -4.3147]\n",
      " [ 0.0259  0.9994 -0.023  -0.8586]\n",
      " [ 0.129   0.0194  0.9915 54.9694]\n",
      " [ 0.      0.      0.      1.    ]]\n",
      "Mean Error Rotation: 0.00331\n",
      "Mean Error Translation: 1.38225\n",
      "== [Result] Frame: 87, Matches 319, Inliers: 88.71\n",
      "[[ 0.992  -0.0234 -0.1241 -4.3685]\n",
      " [ 0.0211  0.9996 -0.02   -0.8697]\n",
      " [ 0.1246  0.0172  0.9921 55.3314]\n",
      " [ 0.      0.      0.      1.    ]]\n",
      "Mean Error Rotation: 0.00329\n",
      "Mean Error Translation: 1.36891\n",
      "== [Result] Frame: 88, Matches 318, Inliers: 90.57\n",
      "[[ 0.9922 -0.0275 -0.1212 -4.3939]\n",
      " [ 0.0257  0.9995 -0.0166 -0.886 ]\n",
      " [ 0.1216  0.0133  0.9925 55.6941]\n",
      " [ 0.      0.      0.      1.    ]]\n",
      "Mean Error Rotation: 0.00331\n",
      "Mean Error Translation: 1.35570\n",
      "== [Result] Frame: 89, Matches 325, Inliers: 91.08\n",
      "[[ 0.9929 -0.0306 -0.1152 -4.4389]\n",
      " [ 0.0293  0.9995 -0.0132 -0.8885]\n",
      " [ 0.1155  0.0097  0.9933 56.0629]\n",
      " [ 0.      0.      0.      1.    ]]\n",
      "Mean Error Rotation: 0.00330\n",
      "Mean Error Translation: 1.34260\n",
      "== [Result] Frame: 90, Matches 327, Inliers: 85.93\n",
      "[[ 0.9936 -0.0356 -0.1075 -4.4688]\n",
      " [ 0.0348  0.9993 -0.0095 -0.9014]\n",
      " [ 0.1078  0.0057  0.9942 56.4311]\n",
      " [ 0.      0.      0.      1.    ]]\n",
      "Mean Error Rotation: 0.00328\n",
      "Mean Error Translation: 1.32964\n",
      "== [Result] Frame: 91, Matches 325, Inliers: 89.23\n",
      "[[ 0.9947 -0.0335 -0.0972 -4.4995]\n",
      " [ 0.0327  0.9994 -0.0095 -0.9091]\n",
      " [ 0.0974  0.0062  0.9952 56.7869]\n",
      " [ 0.      0.      0.      1.    ]]\n",
      "Mean Error Rotation: 0.00326\n",
      "Mean Error Translation: 1.31689\n",
      "== [Result] Frame: 92, Matches 325, Inliers: 88.00\n",
      "[[ 0.9963 -0.0279 -0.0814 -4.5375]\n",
      " [ 0.0272  0.9996 -0.0098 -0.9146]\n",
      " [ 0.0816  0.0075  0.9966 57.1355]\n",
      " [ 0.      0.      0.      1.    ]]\n",
      "Mean Error Rotation: 0.00324\n",
      "Mean Error Translation: 1.30438\n",
      "== [Result] Frame: 93, Matches 341, Inliers: 90.03\n",
      "[[ 0.9976 -0.0249 -0.0643 -4.5473]\n",
      " [ 0.0244  0.9997 -0.0086 -0.9235]\n",
      " [ 0.0645  0.007   0.9979 57.4843]\n",
      " [ 0.      0.      0.      1.    ]]\n",
      "Mean Error Rotation: 0.00324\n",
      "Mean Error Translation: 1.29198\n",
      "== [Result] Frame: 94, Matches 347, Inliers: 88.18\n",
      "[[ 0.9987 -0.0285 -0.0433 -4.5436]\n",
      " [ 0.0282  0.9996 -0.0073 -0.9302]\n",
      " [ 0.0435  0.0061  0.999  57.8366]\n",
      " [ 0.      0.      0.      1.    ]]\n",
      "Mean Error Rotation: 0.00324\n",
      "Mean Error Translation: 1.27967\n",
      "== [Result] Frame: 95, Matches 337, Inliers: 87.24\n",
      "[[ 0.9993 -0.0323 -0.0166 -4.5406]\n",
      " [ 0.0322  0.9995 -0.0058 -0.9321]\n",
      " [ 0.0168  0.0053  0.9998 58.1764]\n",
      " [ 0.      0.      0.      1.    ]]\n",
      "Mean Error Rotation: 0.00322\n",
      "Mean Error Translation: 1.26763\n",
      "== [Result] Frame: 96, Matches 346, Inliers: 89.02\n",
      "[[ 0.9993 -0.0352  0.0119 -4.5154]\n",
      " [ 0.0352  0.9994 -0.0032 -0.9385]\n",
      " [-0.0117  0.0037  0.9999 58.5102]\n",
      " [ 0.      0.      0.      1.    ]]\n",
      "Mean Error Rotation: 0.00321\n",
      "Mean Error Translation: 1.25581\n",
      "== [Result] Frame: 97, Matches 338, Inliers: 87.87\n",
      "[[ 0.9983 -0.0388  0.0426 -4.4674]\n",
      " [ 0.0389  0.9992 -0.0012 -0.94  ]\n",
      " [-0.0426  0.0029  0.9991 58.8394]\n",
      " [ 0.      0.      0.      1.    ]]\n",
      "Mean Error Rotation: 0.00324\n",
      "Mean Error Translation: 1.24420\n",
      "== [Result] Frame: 98, Matches 333, Inliers: 87.09\n",
      "[[ 0.996  -0.0387  0.0807 -4.4269]\n",
      " [ 0.0387  0.9992  0.001  -0.9439]\n",
      " [-0.0806  0.0021  0.9967 59.1777]\n",
      " [ 0.      0.      0.      1.    ]]\n",
      "Mean Error Rotation: 0.00323\n",
      "Mean Error Translation: 1.23264\n",
      "== [Result] Frame: 99, Matches 332, Inliers: 87.95\n",
      "[[ 0.9917 -0.0391  0.1222 -4.3659]\n",
      " [ 0.0391  0.9992  0.0029 -0.9481]\n",
      " [-0.1223  0.0019  0.9925 59.5015]\n",
      " [ 0.      0.      0.      1.    ]]\n",
      "Mean Error Rotation: 0.00321\n",
      "Mean Error Translation: 1.22141\n",
      "== [Result] Frame: 100, Matches 332, Inliers: 84.04\n",
      "[[ 0.9851 -0.0388  0.1675 -4.2895]\n",
